站名：潮境資料浮標站
資料時間：202109
資料格式：觀測時間　YYYYMMDDHH，
　　　　　最大波高　#### (公分)　對應週期　##.# (秒)　尖峰週期　##.# (秒)，
　　　　　示性波高　#### (公分)　平均週期　##.# (秒)　主波向　### (度)，
　　　　　三秒陣風　##.# (公尺/秒)　平均風速　##.# (公尺/秒)　平均風向　### (度)，
　　　　　測站氣壓　####.# (百帕)　平均氣溫　##.# (度)　表面水溫　##.# (度)
          表層海流流速　##.# (公分/秒)　表層流向　### (度-去向)
##########,  ####,  ##.#,  ##.#,  ####,  ##.#,   ###,  ##.#,  ##.#,   ###,####.#,  ##.#,  ##.#,  ##.#,   ###
************************************************************************************************************

2021090100,      ,      ,   5.5,    59,   4.6,    78,   5.4,   3.6,   137,1010.8,  27.9,  27.4,  21.1,    37
2021090101,      ,      ,   4.5,    50,   4.2,    67,   6.1,   3.5,   127,1010.6,  27.8,  27.4,   8.3,     2
2021090102,      ,      ,   5.4,    51,   4.3,    56,   6.2,   3.6,   158,1010.2,  27.8,  27.4,   4.4,     1
2021090103,      ,      ,   4.8,    47,   4.2,    67,   6.4,   4.1,   157,1009.8,  27.7,  27.5,   2.6,   347
2021090104,      ,      ,   4.3,    44,   4.2,    90,   4.8,   2.0,   183,1009.0,  27.5,  27.5,   0.3,   108
2021090105,      ,      ,   4.4,    40,   4.2,    90,   8.1,   3.8,   176,1010.0,  27.5,  27.5,   2.6,   296
2021090106,      ,      ,   6.5,    37,   4.5,    78,   6.2,   3.1,   171,1010.1,  27.7,  27.5,  10.9,    37
2021090107,      ,      ,   6.2,    47,   4.6,    67,   3.4,   2.4,   159,1010.2,  28.1,  27.5,  11.6,    37
2021090108,      ,      ,   4.7,    39,   4.5,    78,   4.6,   2.5,   133,1010.6,  29.1,  27.6,  16.7,    44
2021090109,      ,      ,   6.4,    38,   4.7,    67,   4.3,   3.1,   121,1010.8,  29.2,  27.7,  11.4,    31
2021090110,      ,      ,   6.5,    34,   4.2,    67,   4.5,   3.0,   128,1010.4,  29.5,  27.8,  16.9,    25
2021090111,      ,      ,   5.2,    42,   4.3,    67,   6.3,   3.6,   148,1010.2,  29.5,  27.8,  14.9,    35
2021090112,      ,      ,   6.0,    42,   4.3,   101,   6.6,   4.5,   164,1009.8,  30.1,  27.7,  11.7,    45
2021090113,      ,      ,   6.5,    38,   4.0,   101,   8.2,   5.2,   142,1009.3,  29.9,  27.9,   2.5,   297
2021090114,      ,      ,   5.1,    33,   3.9,    90,   9.0,   4.8,   144,1008.6,  29.8,  28.0,  14.3,    15
2021090115,      ,      ,   5.9,    32,   3.8,    78,   9.3,   5.3,   141,1008.0,  30.0,  28.0,   5.0,    13
2021090116,      ,      ,   6.2,    34,   4.0,    90,   9.1,   6.1,   147,1008.1,  29.5,  28.0,   8.3,    69
2021090117,      ,      ,   6.0,    32,   3.9,    90,   9.0,   5.2,   164,1008.2,  29.4,  28.0,   4.0,    48
2021090118,      ,      ,   5.7,    34,   4.4,   101,   8.8,   5.8,   151,1008.8,  28.9,  28.0,   2.4,   218
2021090119,      ,      ,   5.5,    36,   4.3,   101,   9.9,   6.8,   146,1008.5,  28.3,  27.9,   4.5,    84
2021090120,      ,      ,   5.7,    37,   4.2,    90,   8.1,   4.6,   123,1009.5,  28.1,  27.9,   6.6,    64
2021090121,      ,      ,   5.3,    31,   4.0,    78,   9.0,   3.9,   134,1010.6,  28.2,  27.8,   8.2,   358
2021090122,      ,      ,   6.0,    39,   4.1,   101,   6.3,   3.5,   155,1010.7,  28.1,  27.7,   9.8,    17
2021090123,      ,      ,   5.8,    41,   4.4,    78,   5.0,   2.1,   170,1010.4,  27.9,  27.6,   7.0,    26
2021090200,      ,      ,   6.1,    38,   4.3,    90,   5.2,   2.3,   187,1010.4,  27.6,  27.7,   8.7,    36
2021090201,      ,      ,   5.0,    34,   4.2,    90,   5.1,   2.8,   185,1010.2,  27.6,  27.7,   8.4,    44
2021090202,      ,      ,   5.1,    32,   4.0,    56,   4.1,   2.3,   170,1008.9,  27.4,  27.6,  16.2,     4
2021090203,      ,      ,   5.6,    31,   4.0,    67,   4.6,   3.3,   170,1009.0,  27.4,  27.7,   9.4,   316
2021090204,      ,      ,   6.1,    26,   3.9,    67,   1.8,   0.5,   226,1008.9,  26.9,  27.7,  13.9,     7
2021090205,      ,      ,   5.7,    22,   3.8,    78,   2.4,   1.9,   196,1008.6,  26.9,  27.7,   5.3,    29
2021090206,      ,      ,   5.2,    26,   3.9,    90,   1.5,   0.6,   219,1009.1,  26.2,  27.7,   2.3,   347
2021090207,      ,      ,   4.0,    21,   4.0,    67,   2.2,   0.9,   202,1010.0,  27.2,  27.8,   2.9,    90
2021090208,      ,      ,   4.5,    21,   4.3,    78,   1.5,   0.5,   141,1009.2,  28.4,  27.9,  11.1,    49
2021090209,      ,      ,   5.1,    24,   4.0,    78,   2.5,   1.7,    52,1009.8,  28.6,  28.1,  14.1,    41
2021090210,      ,      ,   6.4,    22,   4.3,   112,   3.2,   2.4,    54,1009.9,  29.0,  28.3,  10.0,    27
2021090211,      ,      ,   4.0,    26,   4.2,   101,   4.0,   3.2,    88,1009.7,  28.8,  28.3,   8.1,    14
2021090212,      ,      ,   4.5,    23,   4.2,    45,   2.6,   1.8,    68,1009.4,  28.9,  28.3,  19.2,     3
2021090213,      ,      ,   6.6,    23,   4.1,    56,   2.8,   2.0,    37,1008.4,  29.2,  28.3,  19.3,     5
2021090214,      ,      ,   3.1,    23,   3.6,    45,   4.6,   3.8,    58,1008.3,  28.5,  28.4,  23.0,     7
2021090215,      ,      ,   4.9,    22,   3.8,    22,   5.2,   4.2,    65,1007.2,  28.4,  28.9,  17.1,   318
2021090216,      ,      ,   5.3,    19,   3.7,    67,   5.4,   4.3,    79,1006.3,  28.4,  28.8,  14.5,   335
2021090217,      ,      ,   6.4,    15,   4.0,    56,   5.3,   3.4,   159,1006.8,  29.0,  28.5,   7.2,   269
2021090218,      ,      ,   6.0,    15,   4.2,    78,   4.6,   2.7,   169,1007.0,  28.4,  28.5,  11.8,   268
2021090219,      ,      ,   5.6,    13,   4.4,    90,   6.6,   4.2,   177,1007.4,  28.0,  28.9,  23.8,   249
2021090220,      ,      ,   6.1,    17,   4.0,    90,   8.1,   5.7,   175,1007.6,  27.8,  28.9,  14.6,   235
2021090221,      ,      ,   6.2,    13,   4.3,   112,   8.3,   6.0,   187,1008.3,  28.0,  29.0,   2.6,   187
2021090222,      ,      ,   6.0,    14,   4.2,    90,   8.8,   6.1,   192,1007.9,  27.5,  28.9,   6.7,    73
2021090223,      ,      ,   6.0,    13,   4.9,    90,   7.2,   5.0,   180,1008.0,  27.5,  28.9,   9.1,    77
2021090300,      ,      ,   5.5,    16,   4.7,    90,   3.7,   2.0,   233,1008.1,  27.6,  28.8,   6.8,    58
2021090301,      ,      ,   5.3,    17,   4.8,    78,   2.1,   1.3,   265,1007.9,  26.9,  28.8,   8.7,   106
2021090302,      ,      ,   5.4,    20,   4.4,   101,   4.7,   2.7,   232,1006.9,  26.7,  28.7,   8.8,    96
2021090303,      ,      ,   3.2,    21,   4.1,    56,   5.2,   3.4,   221,1006.9,  26.8,  28.6,  11.6,    45
2021090304,      ,      ,   5.0,    18,   4.5,    90,   6.7,   4.6,   247,1006.1,  27.2,  28.5,   8.9,    44
2021090305,      ,      ,   6.0,    18,   4.5,    67,   4.4,   3.0,   234,1006.4,  27.1,  28.5,   8.4,    45
2021090306,      ,      ,   7.2,    16,   4.6,    78,   3.7,   2.1,   207,1006.7,  26.7,  28.4,   3.1,   277
2021090307,      ,      ,   6.7,    14,   4.1,    67,   2.6,   1.5,   205,1007.5,  27.5,  28.4,   9.6,   216
2021090308,      ,      ,   3.3,    14,   3.7,    78,   5.9,   3.7,   274,1008.1,  28.2,  28.5,  17.2,   218
2021090309,      ,      ,   4.6,    18,   3.9,    56,   3.4,   1.8,   240,1008.0,  28.9,  28.6,   9.4,    34
2021090310,      ,      ,   3.7,    15,   4.1,    45,   4.3,   3.3,    41,1008.3,  29.2,  28.8,  10.0,    38
2021090311,      ,      ,   5.8,    17,   4.0,    78,   4.3,   3.3,    79,1007.9,  28.8,  29.0,  14.3,    34
2021090312,      ,      ,   6.4,    17,   3.9,    90,   4.9,   3.9,    64,1007.7,  29.0,  29.1,   8.1,    26
2021090313,      ,      ,   6.4,    16,   3.9,    90,   3.7,   2.8,    40,1007.5,  28.8,  28.9,  10.8,    45
2021090314,      ,      ,   6.6,    20,   4.4,    78,   3.7,   3.0,    28,1007.1,  28.6,  28.8,  11.1,    53
2021090315,      ,      ,   5.1,    18,   4.1,    56,   3.6,   2.6,    45,1006.2,  28.8,  28.8,  21.4,    18
2021090316,      ,      ,   7.2,    20,   4.2,    67,   6.7,   5.5,    75,1006.0,  28.0,  28.7,   1.8,   106
2021090317,      ,      ,   6.0,    19,   4.4,    56,   6.6,   4.6,    87,1006.5,  28.3,  28.5,   7.6,   215
2021090318,      ,      ,   6.9,    18,   4.0,    78,   4.3,   2.1,   160,1006.8,  28.4,  28.7,  24.5,   289
2021090319,      ,      ,   5.9,    14,   3.9,     0,   3.3,   1.8,   169,1007.1,  28.0,  29.3,  24.7,   275
2021090320,      ,      ,   6.8,    12,   4.3,   101,   4.1,   2.6,   164,1007.7,  28.1,  29.4,  20.0,   263
2021090321,      ,      ,   6.0,    10,   4.4,   101,   5.6,   4.0,   190,1008.0,  27.9,  29.3,   5.7,   216
2021090322,      ,      ,   6.1,    13,   4.6,    90,   6.2,   2.4,   165,1007.6,  27.7,  29.3,   7.7,    70
2021090323,      ,      ,   6.1,    13,   4.4,    78,   4.5,   3.2,   209,1007.6,  27.6,  29.3,  11.4,    50
2021090400,      ,      ,   6.0,    12,   4.3,    90,   2.9,   1.9,   197,1008.0,  27.7,  29.2,   6.6,    56
2021090401,      ,      ,   6.8,    13,   4.3,   112,   3.4,   2.6,   237,1008.4,  26.8,  29.1,   3.3,    43
2021090402,      ,      ,   6.4,    14,   4.6,   123,   3.2,   1.9,   198,1007.8,  26.2,  29.0,   1.8,   133
2021090403,      ,      ,   7.1,    19,   4.5,   101,   2.9,   2.0,   257,1008.0,  25.9,  28.9,   3.2,    70
2021090404,      ,      ,   7.1,    15,   4.3,    90,   3.2,   2.1,   255,1007.4,  25.4,  28.8,   8.8,    35
2021090405,      ,      ,   6.8,    15,   4.3,    78,   4.3,   3.1,   246,1007.8,  25.5,  28.7,   7.0,    75
2021090406,      ,      ,   6.2,    16,   4.1,    90,   1.8,   1.1,   271,1008.3,  25.5,  28.7,   4.8,   105
2021090407,      ,      ,   8.0,    15,   4.5,    78,   2.6,   1.6,   154,1008.9,  27.1,  28.7,   3.8,   194
2021090408,      ,      ,   6.7,    14,   4.1,    56,   1.6,   0.3,   162,1007.7,  28.2,  28.6,  14.5,   214
2021090409,      ,      ,   7.1,    14,   4.0,    78,   3.2,   2.4,    70,1008.6,  28.3,  28.5,   2.4,   199
2021090410,      ,      ,   3.2,    20,   3.5,    56,   3.5,   2.7,   347,1008.8,  28.9,  28.9,  11.8,    35
2021090411,      ,      ,   7.1,    15,   3.9,    67,   7.3,   5.3,   307,1008.8,  28.3,  29.0,  17.5,    21
2021090412,      ,      ,   3.2,    23,   3.5,    78,   6.6,   4.4,   313,1009.0,  28.4,  29.0,  21.2,    41
2021090413,      ,      ,   3.1,    19,   3.6,    90,   5.4,   3.2,   311,1008.7,  28.5,  28.8,  16.0,    66
2021090414,      ,      ,   3.0,    23,   3.6,    45,   6.6,   5.3,    69,1007.7,  28.3,  28.7,  20.4,    25
2021090415,      ,      ,   2.7,    23,   3.6,    78,   8.4,   7.1,    65,1008.2,  27.9,  28.7,  23.3,     0
2021090416,      ,      ,   7.6,    23,   3.8,    33,   7.5,   6.7,    75,1007.9,  27.8,  28.9,  28.4,   305
2021090417,      ,      ,   5.9,    18,   3.8,    67,   6.7,   5.4,   104,1008.6,  28.0,  28.7,  15.2,   267
2021090418,      ,      ,   7.8,    21,   4.2,    56,   5.1,   4.1,   105,1009.3,  27.6,  28.6,  14.9,   268
2021090419,      ,      ,   8.0,    18,   3.6,    56,   2.5,   1.8,   115,1009.5,  27.8,  28.6,   5.7,   262
2021090420,      ,      ,   6.9,    15,   3.9,    78,   4.0,   2.3,   155,1010.5,  27.7,  28.5,  19.6,   206
2021090421,      ,      ,   7.5,    17,   4.3,    78,   3.2,   2.2,   163,1010.5,  27.9,  29.0,  19.9,   235
2021090422,      ,      ,   6.7,    17,   4.2,    90,   4.4,   2.4,   160,1010.4,  28.0,  29.0,   7.9,   252
2021090423,      ,      ,   8.3,    16,   4.2,    67,   3.9,   2.0,   123,1009.7,  27.8,  29.0,   8.8,    23
2021090500,      ,      ,   6.1,    15,   4.2,    90,   4.3,   2.9,   152,1009.1,  27.9,  28.8,  10.4,    61
2021090501,      ,      ,   8.0,    18,   4.8,   101,   2.8,   1.9,   164,1009.2,  27.9,  28.9,   9.9,   109
2021090502,      ,      ,   7.5,    21,   4.6,   101,   3.8,   2.2,   161,1008.9,  27.7,  28.8,   5.7,   108
2021090503,      ,      ,   7.3,    22,   4.5,   101,   3.7,   2.2,   193,1008.7,  27.8,  28.8,   3.9,    60
2021090504,      ,      ,   6.7,    27,   4.6,    78,   2.3,   1.5,   194,1008.2,  27.6,  28.7,  13.0,    35
2021090505,      ,      ,   6.8,    26,   4.3,    78,   1.8,   1.1,   158,1008.6,  27.2,  28.7,  12.6,    49
2021090506,      ,      ,   7.0,    25,   4.2,    67,   2.3,   0.8,   180,1008.8,  27.7,  28.6,  18.2,   288
2021090507,      ,      ,   6.6,    18,   3.6,    67,   1.8,   0.4,   113,1009.6,  29.0,  28.7,  30.1,   242
2021090508,      ,      ,   6.6,    17,   3.6,    78,   3.5,   2.1,   141,1010.0,  29.5,  28.9,  22.7,   236
2021090509,      ,      ,   7.6,    22,   4.0,    56,   5.9,   4.3,   102,1009.9,  28.7,  28.9,  11.4,   197
2021090510,      ,      ,   4.5,    20,   3.6,    78,   6.8,   4.7,   109,1009.7,  28.5,  28.8,   2.5,    81
2021090511,      ,      ,   4.8,    25,   3.6,   101,   7.1,   5.3,   126,1009.9,  29.1,  28.9,   7.5,    42
2021090512,      ,      ,   8.0,    26,   4.1,    78,   7.2,   4.5,   134,1008.8,  29.8,  28.9,   9.2,    66
2021090513,      ,      ,   7.3,    25,   3.8,    56,   5.9,   4.0,   159,1008.7,  29.7,  29.0,   5.3,    28
2021090514,      ,      ,   7.3,    29,   4.1,    90,   6.6,   4.0,   163,1008.4,  29.6,  28.7,  17.8,   351
2021090515,      ,      ,   6.4,    30,   4.2,    78,   7.8,   3.9,   178,1007.6,  29.5,  29.0,   2.2,   357
2021090516,      ,      ,   6.8,    31,   4.2,    67,   7.4,   4.4,   182,1008.4,  29.4,  28.8,   4.4,   204
2021090517,      ,      ,   4.8,    34,   4.2,    67,   7.9,   5.6,   123,1008.6,  29.0,  28.6,   2.0,   229
2021090518,      ,      ,   6.5,    34,   4.2,    67,   8.4,   6.1,   135,1008.9,  28.5,  28.5,  12.8,    87
2021090519,      ,      ,   3.8,    34,   4.0,    67,   6.3,   4.3,   143,1009.5,  27.9,  28.4,   5.9,   102
2021090520,      ,      ,   5.2,    35,   4.2,    78,   6.5,   4.5,   115,1010.1,  27.5,  28.5,  12.0,   234
2021090521,      ,      ,   4.0,    30,   4.3,    78,   6.3,   4.2,   149,1010.6,  27.9,  28.3,  22.2,   218
2021090522,      ,      ,   4.3,    30,   4.2,    78,   9.7,   4.6,   150,1011.1,  28.1,  28.3,  17.9,   234
2021090523,      ,      ,   5.2,    32,   4.4,    78,  10.9,   7.0,   146,1010.7,  28.0,  28.1,  19.6,    31
2021090600,      ,      ,   5.0,    36,   4.7,   101,   8.8,   5.6,   137,1010.8,  27.7,  28.2,   8.9,    40
2021090601,      ,      ,   8.1,    33,   5.0,    90,   9.4,   5.2,   150,1010.7,  27.7,  28.3,   1.9,    51
2021090602,      ,      ,   6.7,    34,   4.6,    78,   6.4,   3.3,   162,1010.6,  27.6,  28.2,   5.0,   102
2021090603,      ,      ,   7.4,    36,   4.4,    78,   3.9,   2.6,   169,1010.3,  27.8,  28.2,   7.9,    78
2021090604,      ,      ,   5.8,    38,   4.5,    67,   3.0,   1.4,   159,1010.4,  27.7,  28.2,  20.3,    23
2021090605,      ,      ,   4.5,    45,   4.6,    56,   4.6,   2.7,   144,1009.7,  27.8,  28.0,  11.2,    38
2021090606,      ,      ,   4.6,    44,   4.4,    90,   5.9,   3.4,   182,1010.0,  27.8,  27.5,   8.0,   167
2021090607,      ,      ,   4.6,    28,   4.3,    67,   8.1,   2.3,   188,1010.4,  28.1,  27.3,  24.8,   227
2021090608,      ,      ,   5.1,    27,   4.4,    78,   4.9,   3.1,   157,1010.8,  28.5,  27.7,  29.2,   276
2021090609,      ,      ,   8.0,    24,   4.4,    67,   7.0,   5.0,   151,1010.9,  29.4,  28.1,  12.1,   245
2021090610,      ,      ,   7.7,    22,   4.8,    78,   2.3,   1.8,     6,1011.5,  29.1,  28.1,  13.6,   194
2021090611,      ,      ,   6.4,    21,   5.1,    67,   5.6,   4.3,   345,1010.7,  29.0,  28.7,   1.0,   289
2021090612,      ,      ,   6.6,    26,   4.8,    90,   4.8,   3.5,   344,1010.2,  29.3,  28.6,   3.8,    22
2021090613,      ,      ,   7.0,    26,   4.3,    67,   5.4,   3.7,   305,1009.9,  28.9,  28.7,  11.3,    19
2021090614,      ,      ,   7.7,    32,   5.4,    56,   3.3,   2.3,   306,1009.6,  28.8,  28.7,   8.9,    33
2021090615,      ,      ,   5.4,    28,   5.0,    78,   2.8,   1.6,    49,1009.1,  30.1,  28.5,   8.6,    29
2021090616,      ,      ,   7.2,    40,   5.5,    56,   4.4,   2.9,   294,1009.8,  29.9,  28.7,  23.5,   358
2021090617,      ,      ,   7.2,    34,   5.2,    78,   4.7,   3.1,   314,1010.0,  28.6,  28.5,  10.8,   133
2021090618,      ,      ,   5.1,    34,   4.9,    78,   1.9,   0.6,   295,1010.8,  28.4,  28.0,  13.6,   227
2021090619,      ,      ,   4.9,    33,   4.6,    56,   3.4,   1.5,   114,1010.8,  27.5,  27.8,  15.0,   244
2021090620,      ,      ,   6.7,    30,   4.6,    67,   5.1,   3.7,   177,1011.1,  28.1,  27.8,  14.1,   224
2021090621,      ,      ,   6.7,    29,   5.0,    56,   3.6,   1.5,   170,1012.0,  28.1,  27.9,  26.4,   221
2021090622,      ,      ,   6.9,    27,   5.1,    78,   4.4,   2.5,   168,1011.9,  28.0,  27.9,  18.4,   225
2021090623,      ,      ,   6.8,    29,   4.9,    90,   3.8,   2.0,   157,1011.5,  27.8,  27.8,  10.0,    29
2021090700,      ,      ,   7.0,    31,   5.3,    78,   3.4,   1.2,   191,1011.1,  27.9,  27.8,  21.1,    24
2021090701,      ,      ,   6.9,    29,   5.4,    78,   3.4,   2.0,   207,1010.7,  27.8,  27.8,   6.7,   358
2021090702,      ,      ,   8.0,    29,   5.8,    78,   2.1,   1.3,   326,1010.5,  27.6,  27.8,  15.9,    56
2021090703,      ,      ,   7.7,    28,   5.3,    90,   1.9,   0.8,   230,1010.5,  27.2,  27.8,   8.6,    46
2021090704,      ,      ,   6.4,    33,   5.5,    67,   3.1,   1.7,   230,1010.2,  26.7,  27.7,   9.8,    39
2021090705,      ,      ,   7.1,    31,   5.0,    67,   2.5,   1.6,   216,1010.2,  26.3,  27.7,  13.9,    31
2021090706,      ,      ,   6.3,    36,   4.6,    90,   2.3,   1.4,   223,1011.1,  25.9,  27.6,  17.8,   145
2021090707,      ,      ,   6.2,    30,   4.3,    67,   2.0,   1.4,   234,1010.7,  28.1,  27.3,  21.4,   265
2021090708,      ,      ,   6.2,    23,   4.4,    67,   2.8,   1.8,   202,1010.7,  28.9,  27.6,  13.2,   247
2021090709,      ,      ,   6.8,    23,   4.9,    78,   2.7,   2.1,    59,1011.2,  28.4,  28.1,  26.0,   220
2021090710,      ,      ,   6.4,    21,   5.4,    78,   4.1,   3.4,   101,1010.9,  28.3,  28.1,  13.8,   196
2021090711,      ,      ,   7.4,    19,   5.7,    90,   5.2,   4.3,    92,1011.0,  28.3,  28.9,  23.4,   209
2021090712,      ,      ,   7.4,    19,   5.6,    90,   4.7,   3.9,    87,1010.6,  29.0,  28.7,  14.1,    51
2021090713,      ,      ,   7.1,    21,   6.0,    78,   7.0,   5.6,    63,1009.9,  28.7,  28.8,  15.3,    29
2021090714,      ,      ,   7.5,    35,   4.8,    67,   9.0,   7.5,    74,1008.9,  28.4,  28.6,  24.6,    20
2021090715,      ,      ,   8.0,    32,   4.3,    67,   8.0,   6.1,    87,1008.6,  28.9,  28.9,  16.5,    13
2021090716,      ,      ,   7.0,    35,   5.1,    67,   6.2,   4.2,   114,1008.5,  29.6,  28.8,  17.0,     7
2021090717,      ,      ,   6.7,    30,   4.7,    90,   6.5,   4.2,   146,1008.0,  29.7,  28.8,  10.0,   128
2021090718,      ,      ,   6.2,    32,   5.1,    78,   5.8,   3.7,   168,1008.1,  29.1,  28.2,   7.9,   246
2021090719,      ,      ,   7.1,    37,   5.1,    67,   5.8,   3.6,   152,1009.4,  28.3,  27.7,  17.8,   266
2021090720,      ,      ,   6.8,    43,   5.0,    67,   6.9,   4.9,   141,1009.6,  28.3,  28.0,  20.5,   283
2021090721,      ,      ,   6.8,    32,   5.1,    67,   8.5,   4.9,   145,1010.0,  28.2,  28.2,  16.7,   211
2021090722,      ,      ,   7.5,    29,   5.1,    78,   6.2,   4.6,   154,1009.7,  28.3,  27.9,  28.2,   238
2021090723,      ,      ,   7.2,    29,   5.0,    67,   6.1,   3.3,   133,1010.1,  28.5,  27.7,  11.1,    18
2021090800,      ,      ,   7.5,    29,   4.6,    45,   5.3,   2.6,   164,1009.5,  27.9,  27.7,  15.4,    42
2021090801,      ,      ,   7.2,    29,   5.0,    56,   3.6,   2.0,   187,1008.9,  27.9,  27.8,  20.1,    44
2021090802,      ,      ,   7.5,    34,   5.1,    45,   1.5,   0.8,   313,1009.3,  27.6,  27.7,  20.1,    55
2021090803,      ,      ,   7.0,    31,   5.6,    33,   1.9,   1.1,   167,1009.2,  27.2,  27.6,  28.5,     4
2021090804,      ,      ,   7.1,    37,   5.9,    56,   3.3,   2.7,   145,1008.6,  26.9,  27.6,  22.7,     4
2021090805,      ,      ,   7.2,    36,   5.3,    78,   2.8,   1.9,   187,1008.9,  26.5,  27.6,  15.1,   332
2021090806,      ,      ,   6.6,    36,   5.1,    67,   2.1,   1.4,   165,1008.9,  27.1,  27.6,   6.9,    14
2021090807,      ,      ,   6.8,    42,   5.3,    67,   1.3,   0.6,   299,1008.9,  27.6,  27.8,  18.8,   271
2021090808,      ,      ,   7.3,    26,   4.6,    78,   1.5,   0.9,   168,1009.0,  28.4,  27.7,  15.2,   289
2021090809,      ,      ,   7.4,    27,   4.9,    67,   2.8,   2.3,    85,1009.5,  28.4,  27.7,  29.8,   242
2021090810,      ,      ,   7.5,    24,   5.3,    67,   4.2,   3.5,    83,1009.0,  28.4,  28.1,  34.7,   255
2021090811,      ,      ,   7.2,    24,   5.5,    78,   5.7,   4.3,    85,1008.9,  28.6,  28.8,  22.1,   222
2021090812,      ,      ,   7.0,    31,   5.4,    67,   7.2,   5.8,    97,1008.2,  29.0,  28.8,  13.7,   179
2021090813,      ,      ,   7.6,    34,   4.2,    90,   9.3,   7.6,    99,1008.0,  29.0,  28.5,   2.6,   230
2021090814,      ,      ,   6.5,    48,   4.2,    78,   8.6,   7.1,   117,1008.0,  28.8,  28.4,  12.9,    59
2021090815,      ,      ,   5.8,    48,   4.4,    45,   9.5,   7.4,    79,1007.8,  28.8,  28.6,  13.3,    30
2021090816,      ,      ,   7.0,    45,   4.6,    56,   9.6,   7.2,    84,1008.3,  28.6,  28.6,  19.5,    18
2021090817,      ,      ,   6.3,    44,   5.0,    56,   9.4,   6.3,    95,1008.1,  28.4,  28.7,  12.0,    34
2021090818,      ,      ,   6.3,    45,   5.3,    90,   6.2,   4.4,   125,1008.7,  28.2,  28.8,  16.6,    96
2021090819,      ,      ,   6.2,    57,   5.2,    78,   5.5,   3.9,   127,1008.9,  28.0,  27.8,   3.2,   314
2021090820,      ,      ,   6.4,    63,   5.1,    67,   7.4,   5.1,   124,1009.4,  28.0,  28.0,  15.2,   256
2021090821,      ,      ,   6.9,    50,   5.2,    67,   7.4,   5.2,   136,1010.0,  28.2,  27.7,  15.2,   213
2021090822,      ,      ,   7.6,    39,   5.3,    67,   6.7,   4.6,   127,1010.2,  28.0,  28.2,  21.2,   228
2021090823,      ,      ,   7.2,    35,   5.2,    78,   9.6,   4.9,   139,1010.2,  28.2,  27.9,  16.7,   235
2021090900,      ,      ,   7.4,    40,   5.0,    90,   7.0,   4.1,   144,1010.0,  27.7,  27.8,   3.2,     5
2021090901,      ,      ,   5.8,    36,   4.9,    56,  10.1,   5.7,   130,1009.5,  27.9,  27.9,   6.6,    38
2021090902,      ,      ,   7.1,    32,   4.8,    67,   5.3,   3.3,   127,1009.0,  27.8,  27.9,   3.8,    39
2021090903,      ,      ,   6.7,    34,   5.0,    67,   7.8,   4.5,   141,1009.3,  27.6,  27.9,  12.9,    67
2021090904,      ,      ,   6.8,    34,   5.0,    56,   5.7,   3.5,   133,1009.3,  27.6,  27.6,  14.9,    15
2021090905,      ,      ,   7.1,    40,   5.1,    78,   6.1,   4.0,   125,1009.0,  27.7,  27.5,   9.8,    12
2021090906,      ,      ,   5.3,    39,   4.9,    45,   8.4,   5.2,   129,1008.9,  27.6,  27.6,   5.5,     7
2021090907,      ,      ,   6.8,    33,   4.5,    67,   5.9,   4.0,   141,1009.0,  28.0,  27.5,  11.8,   169
2021090908,      ,      ,   6.9,    38,   4.6,    56,   4.2,   2.6,   135,1009.5,  28.4,  27.5,  13.0,   267
2021090909,      ,      ,   7.2,    36,   5.0,    78,   8.3,   3.7,   133,1009.6,  29.1,  27.4,   2.8,    90
2021090910,      ,      ,   7.8,    33,   4.9,    78,   6.3,   4.0,   173,1009.5,  29.3,  28.1,  21.9,   243
2021090911,      ,      ,   6.7,    27,   4.5,    78,   8.1,   5.1,   168,1009.2,  29.8,  28.0,   8.7,   179
2021090912,      ,      ,   7.4,    31,   4.6,    90,   8.5,   5.3,   156,1008.8,  29.7,  28.1,  20.3,    65
2021090913,      ,      ,   3.8,    30,   4.4,    90,   8.4,   4.5,   159,1008.5,  29.9,  28.2,   3.1,    33
2021090914,      ,      ,   6.9,    31,   4.3,    45,   9.9,   6.5,    89,1008.3,  28.6,  28.1,   9.7,   116
2021090915,      ,      ,   5.3,    37,   4.5,    90,   8.6,   6.5,    89,1008.7,  28.2,  28.3,  21.2,    58
2021090916,      ,      ,   7.6,    50,   4.3,    78,   9.2,   7.1,    88,1008.8,  27.5,  27.4,  20.4,    38
2021090917,      ,      ,   5.8,    47,   4.7,    33,   7.5,   6.4,   110,1008.8,  26.9,  27.4,  29.8,    28
2021090918,      ,      ,   8.1,    56,   5.0,    67,   8.0,   5.6,    89,1008.8,  27.0,  27.9,  22.0,   352
2021090919,      ,      ,   7.8,    52,   4.7,    67,   5.5,   3.0,   123,1009.2,  26.6,  27.9,  15.8,   307
2021090920,      ,      ,   6.6,    52,   4.9,    67,   4.2,   2.8,   171,1009.9,  26.0,  27.5,  19.5,   253
2021090921,      ,      ,   7.7,    42,   4.6,    67,   2.3,   1.3,   168,1010.1,  26.3,  27.4,  24.4,   239
2021090922,      ,      ,   8.8,    36,   4.6,    67,   3.3,   1.8,   191,1011.2,  27.0,  27.3,  10.4,   154
2021090923,      ,      ,   7.8,    33,   5.2,    78,   7.7,   4.2,   168,1010.6,  26.8,  27.2,  20.4,   204
2021091000,      ,      ,   7.0,    50,   4.7,    78,   8.8,   4.8,   153,1009.7,  27.6,  26.9,  25.6,    32
2021091001,      ,      ,   7.7,    31,   4.7,    90,   6.3,   4.6,   158,1009.2,  27.5,  26.9,  13.5,    16
2021091002,      ,      ,   7.8,    36,   4.9,    67,   7.2,   4.5,   134,1008.2,  27.7,  27.0,  16.0,    32
2021091003,      ,      ,   8.3,    45,   5.0,   101,   3.4,   1.7,   185,1008.4,  27.5,  27.1,  22.0,    92
2021091004,      ,      ,   7.2,    33,   4.8,    56,   4.7,   2.2,   167,1008.2,  27.7,  26.8,  13.7,    23
2021091005,      ,      ,   7.7,    42,   5.0,    56,   3.4,   1.7,   167,1008.2,  27.6,  26.9,  18.6,    42
2021091006,      ,      ,   7.3,    47,   5.2,    56,   4.2,   2.3,   182,1008.6,  27.5,  26.9,  16.3,    10
2021091007,      ,      ,   6.7,    46,   4.9,    56,   3.4,   1.7,   165,1008.7,  27.9,  26.7,  22.5,   311
2021091008,      ,      ,   7.7,    43,   4.6,    67,   5.6,   3.1,   154,1009.5,  28.8,  26.6,   2.0,   229
2021091009,      ,      ,   7.3,    36,   4.6,    67,   6.3,   4.1,   152,1008.7,  28.9,  27.0,  20.1,   241
2021091010,      ,      ,   8.6,    32,   5.1,    67,   6.2,   3.7,   160,1009.2,  29.4,  26.8,   9.1,   264
2021091011,      ,      ,   8.5,    24,   4.5,    67,   5.9,   3.9,   165,1008.8,  29.1,  27.1,  12.7,   237
2021091012,      ,      ,   8.5,    22,   4.2,    78,   7.0,   4.8,   117,1008.2,  29.2,  27.0,  16.8,   208
2021091013,      ,      ,   7.7,    26,   4.7,    67,   8.0,   5.7,   106,1007.2,  28.9,  27.0,  28.2,    49
2021091014,      ,      ,  12.4,    30,   5.1,   123,   8.0,   5.3,   114,1007.1,  28.7,  27.0,  25.5,    59
2021091015,      ,      ,   6.4,    38,   5.2,    90,   8.1,   5.2,   105,1006.8,  28.9,  26.9,  32.2,    53
2021091016,      ,      ,   9.6,    51,   4.8,    56,   9.0,   6.0,    97,1006.5,  28.2,  27.0,  26.9,     4
2021091017,      ,      ,   7.2,    41,   4.4,    67,   7.2,   5.4,    95,1006.7,  27.9,  27.1,  21.4,    24
2021091018,      ,      ,   6.5,    42,   4.7,    67,   9.1,   6.7,    97,1006.8,  27.8,  27.1,  21.0,   351
2021091019,      ,      ,   6.4,    37,   4.4,    67,   9.7,   6.2,    97,1007.4,  27.6,  27.0,  19.4,   349
2021091020,      ,      ,   6.4,    52,   4.9,    45,   8.1,   5.7,    90,1007.6,  27.8,  26.9,  27.0,   314
2021091021,      ,      ,   4.6,    39,   4.1,    56,   8.3,   6.6,   110,1007.5,  27.7,  27.0,  10.9,   246
2021091022,      ,      ,   7.0,    37,   4.5,    67,   6.8,   5.8,   104,1007.4,  27.5,  26.9,  26.2,   228
2021091023,      ,      ,   6.9,    33,   4.5,    56,   7.4,   6.0,    96,1007.4,  26.7,  26.9,  29.6,   267
2021091100,      ,      ,  10.6,    37,   5.2,    78,   5.0,   3.7,   105,1007.1,  26.8,  27.0,  29.5,   230
2021091101,      ,      ,   9.6,    42,   4.8,   101,   4.3,   3.3,    89,1006.6,  27.0,  27.0,  15.6,    44
2021091102,      ,      ,   5.6,    50,   4.7,    90,   5.1,   3.6,    97,1005.6,  26.7,  27.0,   9.4,    47
2021091103,      ,      ,   7.1,    51,   4.5,   112,   5.1,   3.8,   106,1004.4,  26.2,  27.0,   5.2,   109
2021091104,      ,      ,   6.5,    56,   4.4,    78,   5.9,   3.2,    92,1004.3,  26.2,  26.6,  17.9,    65
2021091105,      ,      ,   6.4,    59,   4.7,    67,   7.7,   6.2,    64,1003.7,  26.0,  26.6,  30.6,    20
2021091106,      ,      ,   5.6,    83,   4.9,    90,  11.8,   8.4,   153,1003.8,  25.5,  26.5,  18.8,    14
2021091107,      ,      ,   5.5,    96,   4.9,    67,   7.0,   3.5,   139,1003.7,  26.7,  26.5,  26.8,   347
2021091108,      ,      ,   6.9,   109,   5.3,    90,  12.1,   7.5,   147,1003.9,  27.3,  26.5,  26.7,   336
2021091109,      ,      ,   6.2,   134,   5.5,    90,  15.2,   8.6,   165,1003.8,  26.9,  26.5,  20.7,   118
2021091110,      ,      ,   7.1,   112,   5.4,    90,  16.4,  10.9,   150,1002.9,  28.1,  27.8,  23.1,   276
2021091111,      ,      ,   7.7,   100,   5.4,    78,  15.3,   7.9,   168,1002.6,  28.2,  27.7,  15.7,   235
2021091112,      ,      ,   8.0,    73,   5.3,    67,  14.1,   8.4,   154,1001.9,  29.2,  27.5,  21.5,   229
2021091113,      ,      ,   8.1,    88,   5.5,    78,   7.4,   3.3,   154,1001.0,  29.9,  27.6,  18.4,    62
2021091114,      ,      ,   8.1,   104,   5.9,   101,   9.4,   6.1,   114,1001.3,  28.4,  27.5,   7.7,    58
2021091115,      ,      ,   8.5,   114,   6.5,    78,   8.0,   4.7,   111,1000.1,  28.2,  27.4,  13.8,    77
2021091116,      ,      ,  10.0,   101,   6.1,   101,  10.1,   6.0,   166,1000.8,  26.5,  27.0,  19.4,    45
2021091117,      ,      ,   7.4,    83,   5.7,    90,  10.5,   6.2,   137,1001.3,  27.0,  27.0,  14.9,    29
2021091118,      ,      ,   8.3,    68,   5.4,   101,  15.3,   8.1,   154, 999.8,  26.4,  26.8,  11.3,     7
2021091119,      ,      ,   7.0,    78,   5.3,    78,  11.4,   6.8,   130,1000.1,  26.3,  26.5,  17.9,     4
2021091120,      ,      ,   6.9,   108,   5.3,    78,   9.2,   6.7,   108,1000.4,  26.0,  26.5,  26.6,   343
2021091121,      ,      ,   8.1,   123,   5.3,    78,  12.8,   6.6,   125, 999.9,  26.1,  26.5,  17.3,   301
2021091122,      ,      ,   6.9,   148,   5.3,    90,  12.6,   7.8,   128, 999.7,  26.5,  26.4,   5.4,   256
2021091123,      ,      ,   7.8,   140,   5.5,    78,  12.5,   6.9,   133, 999.9,  26.5,  26.2,  17.3,   229
2021091200,      ,      ,   7.8,   108,   5.2,    78,  14.2,   8.8,   134, 999.0,  26.5,  26.3,  27.8,   234
2021091201,      ,      ,   7.6,   133,   5.9,   112,  12.6,   9.6,   135, 998.0,  26.2,  26.2,  25.4,    54
2021091202,      ,      ,   7.6,   119,   5.5,   101,  12.6,   7.7,   121, 997.2,  26.3,  26.2,  18.3,    30
2021091203,      ,      ,   7.0,   122,   5.7,   101,  12.2,   9.0,   105, 996.3,  25.7,  26.1,   1.3,   241
2021091204,      ,      ,   7.2,   139,   6.3,    90,  11.6,   5.3,   139, 996.4,  26.5,  26.1,   4.8,   352
2021091205,      ,      ,   7.3,   109,   5.3,    90,  11.2,   8.2,   103, 996.4,  25.6,  26.1,  10.1,    65
2021091206,      ,      ,   8.2,   107,   5.3,    78,  12.2,   8.3,    88, 996.2,  25.2,  25.6,  33.1,    17
2021091207,      ,      ,   7.5,   107,   5.1,    78,   8.2,   6.1,    83, 996.2,  25.3,  25.7,  15.8,    52
2021091208,      ,      ,   6.5,   126,   5.6,    67,   4.2,   3.2,    48, 996.9,  25.6,  25.9,  21.4,    20
2021091209,      ,      ,   7.2,   116,   5.4,    78,   7.1,   5.4,    53, 995.9,  25.2,  25.9,   2.1,   129
2021091210,      ,      ,  12.4,   136,   5.2,   101,   9.1,   7.4,    49, 995.0,  24.9,  25.9,  11.1,   140
2021091211,      ,      ,   7.5,   140,   5.3,    67,  11.1,   8.9,    24, 993.4,  24.6,  25.9,  20.2,   277
2021091212,      ,      ,   8.9,   141,   5.0,    56,  16.3,  12.6,   354, 990.6,  24.5,  25.9,  25.1,   223
2021091213,      ,      ,   4.8,   177,   5.2,    45,  20.5,  14.8,   343, 988.2,  24.3,  25.8,  25.0,    87
2021091214,      ,      ,   5.3,   230,   5.7,    22,  25.0,  13.5,   301, 988.1,  24.4,  25.8,  17.6,    58
2021091215,      ,      ,   7.1,   234,   6.0,    33,  21.1,   9.9,   290, 988.3,  24.0,  25.7,  10.4,    57
2021091216,      ,      ,   7.5,   279,   6.7,    22,  19.9,  12.8,   260, 990.0,  24.4,  25.4,  16.9,    68
2021091217,      ,      ,   8.0,   277,   6.7,    22,  14.8,   7.6,   277, 992.6,  24.9,  25.3,  19.7,    89
2021091218,      ,      ,   8.1,   234,   6.4,    22,  11.5,   6.6,   264, 993.4,  24.7,  25.2,  25.5,    47
2021091219,      ,      ,   8.1,   274,   7.2,    56,  11.8,   6.6,   256, 994.8,  25.0,  25.2,  12.9,    27
2021091220,      ,      ,   8.2,   220,   6.7,    22,  12.2,   6.4,   261, 996.5,  25.2,  25.3,  12.1,   349
2021091221,      ,      ,   8.1,   236,   6.4,    45,   8.6,   5.7,   253, 998.6,  24.6,  25.3,  22.8,   326
2021091222,      ,      ,   7.3,   201,   6.2,    56,  10.6,   6.7,   274, 999.5,  24.4,  25.3,   6.9,   182
2021091223,      ,      ,   8.2,   185,   6.7,    45,  12.2,   8.6,   273, 999.7,  24.5,  25.3,  17.6,   207
2021091300,      ,      ,   8.5,   151,   6.0,    22,  10.8,   6.5,   262, 999.3,  25.8,  25.2,  14.7,   251
2021091301,      ,      ,   8.5,   126,   6.1,    11,   6.9,   4.3,   240,1000.0,  25.6,  25.7,  23.0,   243
2021091302,      ,      ,   8.0,   135,   6.2,    33,   5.0,   2.6,   289,1000.0,  26.0,  25.9,  17.9,   231
2021091303,      ,      ,   8.3,   110,   5.9,    22,   6.3,   3.9,   233,1000.3,  26.5,  25.9,   8.8,   252
2021091304,      ,      ,   8.9,   100,   6.1,   326,   7.6,   4.5,   237,1000.6,  27.0,  25.8,  11.4,    20
2021091305,      ,      ,   8.3,    82,   5.8,    33,   5.9,   3.2,   252,1001.0,  26.7,  25.8,  13.0,    62
2021091306,      ,      ,   7.6,   104,   6.8,    22,   5.4,   2.5,   240,1002.8,  27.2,  25.8,  21.0,    16
2021091307,      ,      ,   7.6,    77,   6.3,    56,   4.7,   3.1,   234,1003.3,  27.7,  26.1,  22.9,     1
2021091308,      ,      ,   8.6,    75,   6.3,    45,   6.0,   3.3,   224,1004.4,  29.0,  26.2,  20.3,   353
2021091309,      ,      ,   7.7,    84,   6.5,    45,   6.1,   3.4,   186,1004.5,  29.3,  26.5,  26.9,     2
2021091310,      ,      ,   8.5,    83,   6.0,    45,   7.3,   4.5,   200,1005.0,  30.2,  26.7,   4.2,    27
2021091311,      ,      ,   8.1,    89,   6.0,    56,   7.7,   3.9,   249,1004.4,  31.1,  26.7,  20.0,   301
2021091312,      ,      ,   8.6,    99,   5.9,    56,   5.0,   2.8,    15,1004.4,  30.0,      ,  30.6,   302
2021091313,      ,      ,   8.3,    80,   5.2,    67,   4.5,   3.3,    89,1004.2,  28.1,      ,   6.8,   308
2021091314,      ,      ,   8.0,    83,   5.5,    56,   3.4,   1.9,   124,1003.6,  28.2,  28.0,   2.5,   227
2021091315,      ,      ,   8.8,    87,   5.7,    56,   7.0,   1.7,     1,1004.0,  30.5,  28.1,   5.2,   254
2021091316,      ,      ,   8.9,    81,   5.8,    56,   7.4,   3.7,   257,1004.1,  32.2,  28.2,  14.3,    27
2021091317,      ,      ,   9.1,    80,   5.9,    45,   5.3,   2.4,   268,1004.7,  31.7,  28.1,  13.5,    39
2021091318,      ,      ,      ,      ,      ,      ,      ,      ,      ,      ,      ,      ,      ,      
2021091319,      ,      ,      ,      ,      ,      ,      ,      ,      ,      ,      ,      ,      ,      
2021091320,      ,      ,      ,      ,      ,      ,      ,      ,      ,      ,      ,      ,      ,      
2021091321,      ,      ,      ,      ,      ,      ,      ,      ,      ,      ,      ,      ,      ,      
2021091322,      ,      ,      ,      ,      ,      ,      ,      ,      ,      ,      ,      ,      ,      
2021091323,      ,      ,      ,      ,      ,      ,      ,      ,      ,      ,      ,      ,      ,      
2021091400,      ,      ,      ,      ,      ,      ,      ,      ,      ,      ,      ,      ,      ,      
2021091401,      ,      ,      ,      ,      ,      ,      ,      ,      ,      ,      ,      ,      ,      
2021091402,      ,      ,      ,      ,      ,      ,      ,      ,      ,      ,      ,      ,      ,      
2021091403,      ,      ,      ,      ,      ,      ,      ,      ,      ,      ,      ,      ,      ,      
2021091404,      ,      ,      ,      ,      ,      ,      ,      ,      ,      ,      ,      ,      ,      
2021091405,      ,      ,      ,      ,      ,      ,      ,      ,      ,      ,      ,      ,      ,      
2021091406,      ,      ,      ,      ,      ,      ,      ,      ,      ,      ,      ,      ,      ,      
2021091407,      ,      ,      ,      ,      ,      ,      ,      ,      ,      ,      ,      ,      ,      
2021091408,      ,      ,      ,      ,      ,      ,      ,      ,      ,      ,      ,      ,      ,      
2021091409,      ,      ,      ,      ,      ,      ,      ,      ,      ,      ,      ,      ,      ,      
2021091410,      ,      ,      ,      ,      ,      ,      ,      ,      ,      ,      ,      ,      ,      
2021091411,      ,      ,      ,      ,      ,      ,      ,      ,      ,      ,      ,      ,      ,      
2021091412,      ,      ,      ,      ,      ,      ,      ,      ,      ,      ,      ,      ,      ,      
2021091413,      ,      ,      ,      ,      ,      ,      ,      ,      ,      ,      ,      ,      ,      
2021091414,      ,      ,      ,      ,      ,      ,      ,      ,      ,      ,      ,      ,      ,      
2021091415,      ,      ,      ,      ,      ,      ,      ,      ,      ,      ,      ,      ,      ,      
2021091416,      ,      ,      ,      ,      ,      ,      ,      ,      ,      ,      ,      ,      ,      
2021091417,      ,      ,      ,      ,      ,      ,      ,      ,      ,      ,      ,      ,      ,      
2021091418,      ,      ,      ,      ,      ,      ,      ,      ,      ,      ,      ,      ,      ,      
2021091419,      ,      ,      ,      ,      ,      ,      ,      ,      ,      ,      ,      ,      ,      
2021091420,      ,      ,      ,      ,      ,      ,      ,      ,      ,      ,      ,      ,      ,      
2021091421,      ,      ,      ,      ,      ,      ,      ,      ,      ,      ,      ,      ,      ,      
2021091422,      ,      ,      ,      ,      ,      ,      ,      ,      ,      ,      ,      ,      ,      
2021091423,      ,      ,      ,      ,      ,      ,      ,      ,      ,      ,      ,      ,      ,      
2021091500,      ,      ,      ,      ,      ,      ,      ,      ,      ,      ,      ,      ,      ,      
2021091501,      ,      ,      ,      ,      ,      ,      ,      ,      ,      ,      ,      ,      ,      
2021091502,      ,      ,      ,      ,      ,      ,      ,      ,      ,      ,      ,      ,      ,      
2021091503,      ,      ,      ,      ,      ,      ,      ,      ,      ,      ,      ,      ,      ,      
2021091504,      ,      ,      ,      ,      ,      ,      ,      ,      ,      ,      ,      ,      ,      
2021091505,      ,      ,      ,      ,      ,      ,      ,      ,      ,      ,      ,      ,      ,      
2021091506,      ,      ,      ,      ,      ,      ,      ,      ,      ,      ,      ,      ,      ,      
2021091507,      ,      ,      ,      ,      ,      ,      ,      ,      ,      ,      ,      ,      ,      
2021091508,      ,      ,      ,      ,      ,      ,      ,      ,      ,      ,      ,      ,      ,      
2021091509,      ,      ,      ,      ,      ,      ,      ,      ,      ,      ,      ,      ,      ,      
2021091510,      ,      ,      ,      ,      ,      ,      ,      ,      ,      ,      ,      ,      ,      
2021091511,      ,      ,      ,      ,      ,      ,      ,      ,      ,      ,      ,      ,      ,      
2021091512,      ,      ,      ,      ,      ,      ,      ,      ,      ,      ,      ,      ,      ,      
2021091513,      ,      ,      ,      ,      ,      ,      ,      ,      ,      ,      ,      ,      ,      
2021091514,      ,      ,      ,      ,      ,      ,      ,      ,      ,      ,      ,      ,      ,      
2021091515,      ,      ,      ,      ,      ,      ,      ,      ,      ,      ,      ,      ,      ,      
2021091516,      ,      ,      ,      ,      ,      ,      ,      ,      ,      ,      ,      ,      ,      
2021091517,      ,      ,      ,      ,      ,      ,      ,      ,      ,      ,      ,      ,      ,      
2021091518,      ,      ,      ,      ,      ,      ,      ,      ,      ,      ,      ,      ,      ,      
2021091519,      ,      ,      ,      ,      ,      ,      ,      ,      ,      ,      ,      ,      ,      
2021091520,      ,      ,      ,      ,      ,      ,      ,      ,      ,      ,      ,      ,      ,      
2021091521,      ,      ,      ,      ,      ,      ,      ,      ,      ,      ,      ,      ,      ,      
2021091522,      ,      ,      ,      ,      ,      ,      ,      ,      ,      ,      ,      ,      ,      
2021091523,      ,      ,      ,      ,      ,      ,      ,      ,      ,      ,      ,      ,      ,      
2021091600,      ,      ,      ,      ,      ,      ,      ,      ,      ,      ,      ,      ,      ,      
2021091601,      ,      ,      ,      ,      ,      ,      ,      ,      ,      ,      ,      ,      ,      
2021091602,      ,      ,      ,      ,      ,      ,      ,      ,      ,      ,      ,      ,      ,      
2021091603,      ,      ,      ,      ,      ,      ,      ,      ,      ,      ,      ,      ,      ,      
2021091604,      ,      ,      ,      ,      ,      ,      ,      ,      ,      ,      ,      ,      ,      
2021091605,      ,      ,      ,      ,      ,      ,      ,      ,      ,      ,      ,      ,      ,      
2021091606,      ,      ,      ,      ,      ,      ,      ,      ,      ,      ,      ,      ,      ,      
2021091607,      ,      ,      ,      ,      ,      ,      ,      ,      ,      ,      ,      ,      ,      
2021091608,      ,      ,      ,      ,      ,      ,      ,      ,      ,      ,      ,      ,      ,      
2021091609,      ,      ,      ,      ,      ,      ,      ,      ,      ,      ,      ,      ,      ,      
2021091610,      ,      ,      ,      ,      ,      ,      ,      ,      ,      ,      ,      ,      ,      
2021091611,      ,      ,      ,      ,      ,      ,      ,      ,      ,      ,      ,      ,      ,      
2021091612,      ,      ,      ,      ,      ,      ,      ,      ,      ,      ,      ,      ,      ,      
2021091613,      ,      ,      ,      ,      ,      ,      ,      ,      ,      ,      ,      ,      ,      
2021091614,      ,      ,      ,      ,      ,      ,      ,      ,      ,      ,      ,      ,      ,      
2021091615,      ,      ,      ,      ,      ,      ,      ,      ,      ,      ,      ,      ,      ,      
2021091616,      ,      ,      ,      ,      ,      ,      ,      ,      ,      ,      ,      ,      ,      
2021091617,      ,      ,      ,      ,      ,      ,      ,      ,      ,      ,      ,      ,      ,      
2021091618,      ,      ,      ,      ,      ,      ,      ,      ,      ,      ,      ,      ,      ,      
2021091619,      ,      ,      ,      ,      ,      ,      ,      ,      ,      ,      ,      ,      ,      
2021091620,      ,      ,      ,      ,      ,      ,      ,      ,      ,      ,      ,      ,      ,      
2021091621,      ,      ,      ,      ,      ,      ,      ,      ,      ,      ,      ,      ,      ,      
2021091622,      ,      ,      ,      ,      ,      ,      ,      ,      ,      ,      ,      ,      ,      
2021091623,      ,      ,      ,      ,      ,      ,      ,      ,      ,      ,      ,      ,      ,      
2021091700,      ,      ,      ,      ,      ,      ,      ,      ,      ,      ,      ,      ,      ,      
2021091701,      ,      ,      ,      ,      ,      ,      ,      ,      ,      ,      ,      ,      ,      
2021091702,      ,      ,      ,      ,      ,      ,      ,      ,      ,      ,      ,      ,      ,      
2021091703,      ,      ,      ,      ,      ,      ,      ,      ,      ,      ,      ,      ,      ,      
2021091704,      ,      ,      ,      ,      ,      ,      ,      ,      ,      ,      ,      ,      ,      
2021091705,      ,      ,      ,      ,      ,      ,      ,      ,      ,      ,      ,      ,      ,      
2021091706,      ,      ,      ,      ,      ,      ,      ,      ,      ,      ,      ,      ,      ,      
2021091707,      ,      ,      ,      ,      ,      ,      ,      ,      ,      ,      ,      ,      ,      
2021091708,      ,      ,      ,      ,      ,      ,      ,      ,      ,      ,      ,      ,      ,      
2021091709,      ,      ,      ,      ,      ,      ,      ,      ,      ,      ,      ,      ,      ,      
2021091710,      ,      ,      ,      ,      ,      ,      ,      ,      ,      ,      ,      ,      ,      
2021091711,      ,      ,      ,      ,      ,      ,      ,      ,      ,      ,      ,      ,      ,      
2021091712,      ,      ,      ,      ,      ,      ,      ,      ,      ,      ,      ,      ,      ,      
2021091713,      ,      ,      ,      ,      ,      ,      ,      ,      ,      ,      ,      ,      ,      
2021091714,      ,      ,      ,      ,      ,      ,      ,      ,      ,      ,      ,      ,      ,      
2021091715,      ,      ,      ,      ,      ,      ,      ,      ,      ,      ,      ,      ,      ,      
2021091716,      ,      ,      ,      ,      ,      ,      ,      ,      ,      ,      ,      ,      ,      
2021091717,      ,      ,      ,      ,      ,      ,      ,      ,      ,      ,      ,      ,      ,      
2021091718,      ,      ,      ,      ,      ,      ,      ,      ,      ,      ,      ,      ,      ,      
2021091719,      ,      ,      ,      ,      ,      ,      ,      ,      ,      ,      ,      ,      ,      
2021091720,      ,      ,      ,      ,      ,      ,      ,      ,      ,      ,      ,      ,      ,      
2021091721,      ,      ,      ,      ,      ,      ,      ,      ,      ,      ,      ,      ,      ,      
2021091722,      ,      ,      ,      ,      ,      ,      ,      ,      ,      ,      ,      ,      ,      
2021091723,      ,      ,      ,      ,      ,      ,      ,      ,      ,      ,      ,      ,      ,      
2021091800,      ,      ,      ,      ,      ,      ,      ,      ,      ,      ,      ,      ,      ,      
2021091801,      ,      ,      ,      ,      ,      ,      ,      ,      ,      ,      ,      ,      ,      
2021091802,      ,      ,      ,      ,      ,      ,      ,      ,      ,      ,      ,      ,      ,      
2021091803,      ,      ,      ,      ,      ,      ,      ,      ,      ,      ,      ,      ,      ,      
2021091804,      ,      ,      ,      ,      ,      ,      ,      ,      ,      ,      ,      ,      ,      
2021091805,      ,      ,      ,      ,      ,      ,      ,      ,      ,      ,      ,      ,      ,      
2021091806,      ,      ,      ,      ,      ,      ,      ,      ,      ,      ,      ,      ,      ,      
2021091807,      ,      ,      ,      ,      ,      ,      ,      ,      ,      ,      ,      ,      ,      
2021091808,      ,      ,      ,      ,      ,      ,      ,      ,      ,      ,      ,      ,      ,      
2021091809,      ,      ,      ,      ,      ,      ,      ,      ,      ,      ,      ,      ,      ,      
2021091810,      ,      ,      ,      ,      ,      ,      ,      ,      ,      ,      ,      ,      ,      
2021091811,      ,      ,      ,      ,      ,      ,      ,      ,      ,      ,      ,      ,      ,      
2021091812,      ,      ,      ,      ,      ,      ,      ,      ,      ,      ,      ,      ,      ,      
2021091813,      ,      ,      ,      ,      ,      ,      ,      ,      ,      ,      ,      ,      ,      
2021091814,      ,      ,      ,      ,      ,      ,      ,      ,      ,      ,      ,      ,      ,      
2021091815,      ,      ,      ,      ,      ,      ,      ,      ,      ,      ,      ,      ,      ,      
2021091816,      ,      ,      ,      ,      ,      ,      ,      ,      ,      ,      ,      ,      ,      
2021091817,      ,      ,      ,      ,      ,      ,      ,      ,      ,      ,      ,      ,      ,      
2021091818,      ,      ,      ,      ,      ,      ,      ,      ,      ,      ,      ,      ,      ,      
2021091819,      ,      ,      ,      ,      ,      ,      ,      ,      ,      ,      ,      ,      ,      
2021091820,      ,      ,      ,      ,      ,      ,      ,      ,      ,      ,      ,      ,      ,      
2021091821,      ,      ,      ,      ,      ,      ,      ,      ,      ,      ,      ,      ,      ,      
2021091822,      ,      ,      ,      ,      ,      ,      ,      ,      ,      ,      ,      ,      ,      
2021091823,      ,      ,      ,      ,      ,      ,      ,      ,      ,      ,      ,      ,      ,      
2021091900,      ,      ,      ,      ,      ,      ,      ,      ,      ,      ,      ,      ,      ,      
2021091901,      ,      ,      ,      ,      ,      ,      ,      ,      ,      ,      ,      ,      ,      
2021091902,      ,      ,      ,      ,      ,      ,      ,      ,      ,      ,      ,      ,      ,      
2021091903,      ,      ,      ,      ,      ,      ,      ,      ,      ,      ,      ,      ,      ,      
2021091904,      ,      ,      ,      ,      ,      ,      ,      ,      ,      ,      ,      ,      ,      
2021091905,      ,      ,      ,      ,      ,      ,      ,      ,      ,      ,      ,      ,      ,      
2021091906,      ,      ,      ,      ,      ,      ,      ,      ,      ,      ,      ,      ,      ,      
2021091907,      ,      ,      ,      ,      ,      ,      ,      ,      ,      ,      ,      ,      ,      
2021091908,      ,      ,      ,      ,      ,      ,      ,      ,      ,      ,      ,      ,      ,      
2021091909,      ,      ,      ,      ,      ,      ,      ,      ,      ,      ,      ,      ,      ,      
2021091910,      ,      ,      ,      ,      ,      ,      ,      ,      ,      ,      ,      ,      ,      
2021091911,      ,      ,      ,      ,      ,      ,      ,      ,      ,      ,      ,      ,      ,      
2021091912,      ,      ,      ,      ,      ,      ,      ,      ,      ,      ,      ,      ,      ,      
2021091913,      ,      ,      ,      ,      ,      ,      ,      ,      ,      ,      ,      ,      ,      
2021091914,      ,      ,      ,      ,      ,      ,      ,      ,      ,      ,      ,      ,      ,      
2021091915,      ,      ,      ,      ,      ,      ,      ,      ,      ,      ,      ,      ,      ,      
2021091916,      ,      ,      ,      ,      ,      ,      ,      ,      ,      ,      ,      ,      ,      
2021091917,      ,      ,      ,      ,      ,      ,      ,      ,      ,      ,      ,      ,      ,      
2021091918,      ,      ,      ,      ,      ,      ,      ,      ,      ,      ,      ,      ,      ,      
2021091919,      ,      ,      ,      ,      ,      ,      ,      ,      ,      ,      ,      ,      ,      
2021091920,      ,      ,      ,      ,      ,      ,      ,      ,      ,      ,      ,      ,      ,      
2021091921,      ,      ,      ,      ,      ,      ,      ,      ,      ,      ,      ,      ,      ,      
2021091922,      ,      ,      ,      ,      ,      ,      ,      ,      ,      ,      ,      ,      ,      
2021091923,      ,      ,      ,      ,      ,      ,      ,      ,      ,      ,      ,      ,      ,      
2021092000,      ,      ,      ,      ,      ,      ,      ,      ,      ,      ,      ,      ,      ,      
2021092001,      ,      ,      ,      ,      ,      ,      ,      ,      ,      ,      ,      ,      ,      
2021092002,      ,      ,      ,      ,      ,      ,      ,      ,      ,      ,      ,      ,      ,      
2021092003,      ,      ,      ,      ,      ,      ,      ,      ,      ,      ,      ,      ,      ,      
2021092004,      ,      ,      ,      ,      ,      ,      ,      ,      ,      ,      ,      ,      ,      
2021092005,      ,      ,      ,      ,      ,      ,      ,      ,      ,      ,      ,      ,      ,      
2021092006,      ,      ,      ,      ,      ,      ,      ,      ,      ,      ,      ,      ,      ,      
2021092007,      ,      ,      ,      ,      ,      ,      ,      ,      ,      ,      ,      ,      ,      
2021092008,      ,      ,      ,      ,      ,      ,      ,      ,      ,      ,      ,      ,      ,      
2021092009,      ,      ,      ,      ,      ,      ,      ,      ,      ,      ,      ,      ,      ,      
2021092010,      ,      ,      ,      ,      ,      ,      ,      ,      ,      ,      ,      ,      ,      
2021092011,      ,      ,      ,      ,      ,      ,      ,      ,      ,      ,      ,      ,      ,      
2021092012,      ,      ,      ,      ,      ,      ,      ,      ,      ,      ,      ,      ,      ,      
2021092013,      ,      ,      ,      ,      ,      ,      ,      ,      ,      ,      ,      ,      ,      
2021092014,      ,      ,      ,      ,      ,      ,      ,      ,      ,      ,      ,      ,      ,      
2021092015,      ,      ,      ,      ,      ,      ,      ,      ,      ,      ,      ,      ,      ,      
2021092016,      ,      ,      ,      ,      ,      ,      ,      ,      ,      ,      ,      ,      ,      
2021092017,      ,      ,      ,      ,      ,      ,      ,      ,      ,      ,      ,      ,      ,      
2021092018,      ,      ,      ,      ,      ,      ,      ,      ,      ,      ,      ,      ,      ,      
2021092019,      ,      ,      ,      ,      ,      ,      ,      ,      ,      ,      ,      ,      ,      
2021092020,      ,      ,      ,      ,      ,      ,      ,      ,      ,      ,      ,      ,      ,      
2021092021,      ,      ,      ,      ,      ,      ,      ,      ,      ,      ,      ,      ,      ,      
2021092022,      ,      ,      ,      ,      ,      ,      ,      ,      ,      ,      ,      ,      ,      
2021092023,      ,      ,      ,      ,      ,      ,      ,      ,      ,      ,      ,      ,      ,      
2021092100,      ,      ,      ,      ,      ,      ,      ,      ,      ,      ,      ,      ,      ,      
2021092101,      ,      ,      ,      ,      ,      ,      ,      ,      ,      ,      ,      ,      ,      
2021092102,      ,      ,      ,      ,      ,      ,      ,      ,      ,      ,      ,      ,      ,      
2021092103,      ,      ,      ,      ,      ,      ,      ,      ,      ,      ,      ,      ,      ,      
2021092104,      ,      ,      ,      ,      ,      ,      ,      ,      ,      ,      ,      ,      ,      
2021092105,      ,      ,      ,      ,      ,      ,      ,      ,      ,      ,      ,      ,      ,      
2021092106,      ,      ,      ,      ,      ,      ,      ,      ,      ,      ,      ,      ,      ,      
2021092107,      ,      ,      ,      ,      ,      ,      ,      ,      ,      ,      ,      ,      ,      
2021092108,      ,      ,      ,      ,      ,      ,      ,      ,      ,      ,      ,      ,      ,      
2021092109,      ,      ,      ,      ,      ,      ,      ,      ,      ,      ,      ,      ,      ,      
2021092110,      ,      ,      ,      ,      ,      ,      ,      ,      ,      ,      ,      ,      ,      
2021092111,      ,      ,      ,      ,      ,      ,      ,      ,      ,      ,      ,      ,      ,      
2021092112,      ,      ,      ,      ,      ,      ,      ,      ,      ,      ,      ,      ,      ,      
2021092113,      ,      ,      ,      ,      ,      ,      ,      ,      ,      ,      ,      ,      ,      
2021092114,      ,      ,      ,      ,      ,      ,      ,      ,      ,      ,      ,      ,      ,      
2021092115,      ,      ,      ,      ,      ,      ,      ,      ,      ,      ,      ,      ,      ,      
2021092116,      ,      ,      ,      ,      ,      ,      ,      ,      ,      ,      ,      ,      ,      
2021092117,      ,      ,      ,      ,      ,      ,      ,      ,      ,      ,      ,      ,      ,      
2021092118,      ,      ,      ,      ,      ,      ,      ,      ,      ,      ,      ,      ,      ,      
2021092119,      ,      ,      ,      ,      ,      ,      ,      ,      ,      ,      ,      ,      ,      
2021092120,      ,      ,      ,      ,      ,      ,      ,      ,      ,      ,      ,      ,      ,      
2021092121,      ,      ,      ,      ,      ,      ,      ,      ,      ,      ,      ,      ,      ,      
2021092122,      ,      ,      ,      ,      ,      ,      ,      ,      ,      ,      ,      ,      ,      
2021092123,      ,      ,      ,      ,      ,      ,      ,      ,      ,      ,      ,      ,      ,      
2021092200,      ,      ,      ,      ,      ,      ,      ,      ,      ,      ,      ,      ,      ,      
2021092201,      ,      ,      ,      ,      ,      ,      ,      ,      ,      ,      ,      ,      ,      
2021092202,      ,      ,      ,      ,      ,      ,      ,      ,      ,      ,      ,      ,      ,      
2021092203,      ,      ,      ,      ,      ,      ,      ,      ,      ,      ,      ,      ,      ,      
2021092204,      ,      ,      ,      ,      ,      ,      ,      ,      ,      ,      ,      ,      ,      
2021092205,      ,      ,      ,      ,      ,      ,      ,      ,      ,      ,      ,      ,      ,      
2021092206,      ,      ,      ,      ,      ,      ,      ,      ,      ,      ,      ,      ,      ,      
2021092207,      ,      ,      ,      ,      ,      ,      ,      ,      ,      ,      ,      ,      ,      
2021092208,      ,      ,      ,      ,      ,      ,      ,      ,      ,      ,      ,      ,      ,      
2021092209,      ,      ,      ,      ,      ,      ,      ,      ,      ,      ,      ,      ,      ,      
2021092210,      ,      ,      ,      ,      ,      ,      ,      ,      ,      ,      ,      ,      ,      
2021092211,      ,      ,      ,      ,      ,      ,      ,      ,      ,      ,      ,      ,      ,      
2021092212,      ,      ,      ,      ,      ,      ,      ,      ,      ,      ,      ,      ,      ,      
2021092213,      ,      ,      ,      ,      ,      ,      ,      ,      ,      ,      ,      ,      ,      
2021092214,      ,      ,      ,      ,      ,      ,      ,      ,      ,      ,      ,      ,      ,      
2021092215,      ,      ,      ,      ,      ,      ,      ,      ,      ,      ,      ,      ,      ,      
2021092216,      ,      ,      ,      ,      ,      ,      ,      ,      ,      ,      ,      ,      ,      
2021092217,      ,      ,      ,      ,      ,      ,      ,      ,      ,      ,      ,      ,      ,      
2021092218,      ,      ,      ,      ,      ,      ,      ,      ,      ,      ,      ,      ,      ,      
2021092219,      ,      ,      ,      ,      ,      ,      ,      ,      ,      ,      ,      ,      ,      
2021092220,      ,      ,      ,      ,      ,      ,      ,      ,      ,      ,      ,      ,      ,      
2021092221,      ,      ,      ,      ,      ,      ,      ,      ,      ,      ,      ,      ,      ,      
2021092222,      ,      ,      ,      ,      ,      ,      ,      ,      ,      ,      ,      ,      ,      
2021092223,      ,      ,      ,      ,      ,      ,      ,      ,      ,      ,      ,      ,      ,      
2021092300,      ,      ,      ,      ,      ,      ,      ,      ,      ,      ,      ,      ,      ,      
2021092301,      ,      ,      ,      ,      ,      ,      ,      ,      ,      ,      ,      ,      ,      
2021092302,      ,      ,      ,      ,      ,      ,      ,      ,      ,      ,      ,      ,      ,      
2021092303,      ,      ,      ,      ,      ,      ,      ,      ,      ,      ,      ,      ,      ,      
2021092304,      ,      ,      ,      ,      ,      ,      ,      ,      ,      ,      ,      ,      ,      
2021092305,      ,      ,      ,      ,      ,      ,      ,      ,      ,      ,      ,      ,      ,      
2021092306,      ,      ,      ,      ,      ,      ,      ,      ,      ,      ,      ,      ,      ,      
2021092307,      ,      ,      ,      ,      ,      ,      ,      ,      ,      ,      ,      ,      ,      
2021092308,      ,      ,      ,      ,      ,      ,      ,      ,      ,      ,      ,      ,      ,      
2021092309,      ,      ,      ,      ,      ,      ,      ,      ,      ,      ,      ,      ,      ,      
2021092310,      ,      ,      ,      ,      ,      ,      ,      ,      ,      ,      ,      ,      ,      
2021092311,      ,      ,      ,      ,      ,      ,      ,      ,      ,      ,      ,      ,      ,      
2021092312,      ,      ,      ,      ,      ,      ,      ,      ,      ,      ,      ,      ,      ,      
2021092313,      ,      ,      ,      ,      ,      ,      ,      ,      ,      ,      ,      ,      ,      
2021092314,      ,      ,      ,      ,      ,      ,      ,      ,      ,      ,      ,      ,      ,      
2021092315,      ,      ,      ,      ,      ,      ,      ,      ,      ,      ,      ,      ,      ,      
2021092316,      ,      ,      ,      ,      ,      ,      ,      ,      ,      ,      ,      ,      ,      
2021092317,      ,      ,      ,      ,      ,      ,      ,      ,      ,      ,      ,      ,      ,      
2021092318,      ,      ,      ,      ,      ,      ,      ,      ,      ,      ,      ,      ,      ,      
2021092319,      ,      ,      ,      ,      ,      ,      ,      ,      ,      ,      ,      ,      ,      
2021092320,      ,      ,      ,      ,      ,      ,      ,      ,      ,      ,      ,      ,      ,      
2021092321,      ,      ,      ,      ,      ,      ,      ,      ,      ,      ,      ,      ,      ,      
2021092322,      ,      ,      ,      ,      ,      ,      ,      ,      ,      ,      ,      ,      ,      
2021092323,      ,      ,      ,      ,      ,      ,      ,      ,      ,      ,      ,      ,      ,      
2021092400,      ,      ,      ,      ,      ,      ,      ,      ,      ,      ,      ,      ,      ,      
2021092401,      ,      ,      ,      ,      ,      ,      ,      ,      ,      ,      ,      ,      ,      
2021092402,      ,      ,      ,      ,      ,      ,      ,      ,      ,      ,      ,      ,      ,      
2021092403,      ,      ,      ,      ,      ,      ,      ,      ,      ,      ,      ,      ,      ,      
2021092404,      ,      ,      ,      ,      ,      ,      ,      ,      ,      ,      ,      ,      ,      
2021092405,      ,      ,      ,      ,      ,      ,      ,      ,      ,      ,      ,      ,      ,      
2021092406,      ,      ,      ,      ,      ,      ,      ,      ,      ,      ,      ,      ,      ,      
2021092407,      ,      ,      ,      ,      ,      ,      ,      ,      ,      ,      ,      ,      ,      
2021092408,      ,      ,      ,      ,      ,      ,      ,      ,      ,      ,      ,      ,      ,      
2021092409,      ,      ,      ,      ,      ,      ,      ,      ,      ,      ,      ,      ,      ,      
2021092410,      ,      ,      ,      ,      ,      ,      ,      ,      ,      ,      ,      ,      ,      
2021092411,      ,      ,      ,      ,      ,      ,      ,      ,      ,      ,      ,      ,      ,      
2021092412,      ,      ,      ,      ,      ,      ,      ,      ,      ,      ,      ,      ,      ,      
2021092413,      ,      ,      ,      ,      ,      ,      ,      ,      ,      ,      ,      ,      ,      
2021092414,      ,      ,      ,      ,      ,      ,      ,      ,      ,      ,      ,      ,      ,      
2021092415,      ,      ,      ,      ,      ,      ,      ,      ,      ,      ,      ,      ,      ,      
2021092416,      ,      ,      ,      ,      ,      ,      ,      ,      ,      ,      ,      ,      ,      
2021092417,      ,      ,      ,      ,      ,      ,      ,      ,      ,      ,      ,      ,      ,      
2021092418,      ,      ,      ,      ,      ,      ,      ,      ,      ,      ,      ,      ,      ,      
2021092419,      ,      ,      ,      ,      ,      ,      ,      ,      ,      ,      ,      ,      ,      
2021092420,      ,      ,      ,      ,      ,      ,      ,      ,      ,      ,      ,      ,      ,      
2021092421,      ,      ,      ,      ,      ,      ,      ,      ,      ,      ,      ,      ,      ,      
2021092422,      ,      ,      ,      ,      ,      ,      ,      ,      ,      ,      ,      ,      ,      
2021092423,      ,      ,      ,      ,      ,      ,      ,      ,      ,      ,      ,      ,      ,      
2021092500,      ,      ,      ,      ,      ,      ,      ,      ,      ,      ,      ,      ,      ,      
2021092501,      ,      ,      ,      ,      ,      ,      ,      ,      ,      ,      ,      ,      ,      
2021092502,      ,      ,      ,      ,      ,      ,      ,      ,      ,      ,      ,      ,      ,      
2021092503,      ,      ,      ,      ,      ,      ,      ,      ,      ,      ,      ,      ,      ,      
2021092504,      ,      ,      ,      ,      ,      ,      ,      ,      ,      ,      ,      ,      ,      
2021092505,      ,      ,      ,      ,      ,      ,      ,      ,      ,      ,      ,      ,      ,      
2021092506,      ,      ,      ,      ,      ,      ,      ,      ,      ,      ,      ,      ,      ,      
2021092507,      ,      ,      ,      ,      ,      ,      ,      ,      ,      ,      ,      ,      ,      
2021092508,      ,      ,      ,      ,      ,      ,      ,      ,      ,      ,      ,      ,      ,      
2021092509,      ,      ,      ,      ,      ,      ,      ,      ,      ,      ,      ,      ,      ,      
2021092510,      ,      ,      ,      ,      ,      ,      ,      ,      ,      ,      ,      ,      ,      
2021092511,      ,      ,      ,      ,      ,      ,      ,      ,      ,      ,      ,      ,      ,      
2021092512,      ,      ,      ,      ,      ,      ,      ,      ,      ,      ,      ,      ,      ,      
2021092513,      ,      ,      ,      ,      ,      ,      ,      ,      ,      ,      ,      ,      ,      
2021092514,      ,      ,      ,      ,      ,      ,      ,      ,      ,      ,      ,      ,      ,      
2021092515,      ,      ,      ,      ,      ,      ,      ,      ,      ,      ,      ,      ,      ,      
2021092516,      ,      ,      ,      ,      ,      ,      ,      ,      ,      ,      ,      ,      ,      
2021092517,      ,      ,      ,      ,      ,      ,      ,      ,      ,      ,      ,      ,      ,      
2021092518,      ,      ,      ,      ,      ,      ,      ,      ,      ,      ,      ,      ,      ,      
2021092519,      ,      ,      ,      ,      ,      ,      ,      ,      ,      ,      ,      ,      ,      
2021092520,      ,      ,      ,      ,      ,      ,      ,      ,      ,      ,      ,      ,      ,      
2021092521,      ,      ,      ,      ,      ,      ,      ,      ,      ,      ,      ,      ,      ,      
2021092522,      ,      ,      ,      ,      ,      ,      ,      ,      ,      ,      ,      ,      ,      
2021092523,      ,      ,      ,      ,      ,      ,      ,      ,      ,      ,      ,      ,      ,      
2021092600,      ,      ,      ,      ,      ,      ,      ,      ,      ,      ,      ,      ,      ,      
2021092601,      ,      ,      ,      ,      ,      ,      ,      ,      ,      ,      ,      ,      ,      
2021092602,      ,      ,      ,      ,      ,      ,      ,      ,      ,      ,      ,      ,      ,      
2021092603,      ,      ,      ,      ,      ,      ,      ,      ,      ,      ,      ,      ,      ,      
2021092604,      ,      ,      ,      ,      ,      ,      ,      ,      ,      ,      ,      ,      ,      
2021092605,      ,      ,      ,      ,      ,      ,      ,      ,      ,      ,      ,      ,      ,      
2021092606,      ,      ,      ,      ,      ,      ,      ,      ,      ,      ,      ,      ,      ,      
2021092607,      ,      ,      ,      ,      ,      ,      ,      ,      ,      ,      ,      ,      ,      
2021092608,      ,      ,      ,      ,      ,      ,      ,      ,      ,      ,      ,      ,      ,      
2021092609,      ,      ,      ,      ,      ,      ,      ,      ,      ,      ,      ,      ,      ,      
2021092610,      ,      ,      ,      ,      ,      ,      ,      ,      ,      ,      ,      ,      ,      
2021092611,      ,      ,      ,      ,      ,      ,      ,      ,      ,      ,      ,      ,      ,      
2021092612,      ,      ,      ,      ,      ,      ,      ,      ,      ,      ,      ,      ,      ,      
2021092613,      ,      ,      ,      ,      ,      ,      ,      ,      ,      ,      ,      ,      ,      
2021092614,      ,      ,      ,      ,      ,      ,      ,      ,      ,      ,      ,      ,      ,      
2021092615,      ,      ,      ,      ,      ,      ,      ,      ,      ,      ,      ,      ,      ,      
2021092616,      ,      ,      ,      ,      ,      ,      ,      ,      ,      ,      ,      ,      ,      
2021092617,      ,      ,      ,      ,      ,      ,      ,      ,      ,      ,      ,      ,      ,      
2021092618,      ,      ,      ,      ,      ,      ,      ,      ,      ,      ,      ,      ,      ,      
2021092619,      ,      ,      ,      ,      ,      ,      ,      ,      ,      ,      ,      ,      ,      
2021092620,      ,      ,      ,      ,      ,      ,      ,      ,      ,      ,      ,      ,      ,      
2021092621,      ,      ,      ,      ,      ,      ,      ,      ,      ,      ,      ,      ,      ,      
2021092622,      ,      ,      ,      ,      ,      ,      ,      ,      ,      ,      ,      ,      ,      
2021092623,      ,      ,      ,      ,      ,      ,      ,      ,      ,      ,      ,      ,      ,      
2021092700,      ,      ,      ,      ,      ,      ,      ,      ,      ,      ,      ,      ,      ,      
2021092701,      ,      ,      ,      ,      ,      ,      ,      ,      ,      ,      ,      ,      ,      
2021092702,      ,      ,      ,      ,      ,      ,      ,      ,      ,      ,      ,      ,      ,      
2021092703,      ,      ,      ,      ,      ,      ,      ,      ,      ,      ,      ,      ,      ,      
2021092704,      ,      ,      ,      ,      ,      ,      ,      ,      ,      ,      ,      ,      ,      
2021092705,      ,      ,      ,      ,      ,      ,      ,      ,      ,      ,      ,      ,      ,      
2021092706,      ,      ,      ,      ,      ,      ,      ,      ,      ,      ,      ,      ,      ,      
2021092707,      ,      ,      ,      ,      ,      ,      ,      ,      ,      ,      ,      ,      ,      
2021092708,      ,      ,      ,      ,      ,      ,      ,      ,      ,      ,      ,      ,      ,      
2021092709,      ,      ,      ,      ,      ,      ,      ,      ,      ,      ,      ,      ,      ,      
2021092710,      ,      ,      ,      ,      ,      ,      ,      ,      ,      ,      ,      ,      ,      
2021092711,      ,      ,      ,      ,      ,      ,      ,      ,      ,      ,      ,      ,      ,      
2021092712,      ,      ,      ,      ,      ,      ,      ,      ,      ,      ,      ,      ,      ,      
2021092713,      ,      ,      ,      ,      ,      ,      ,      ,      ,      ,      ,      ,      ,      
2021092714,      ,      ,      ,      ,      ,      ,      ,      ,      ,      ,      ,      ,      ,      
2021092715,      ,      ,      ,      ,      ,      ,      ,      ,      ,      ,      ,      ,      ,      
2021092716,      ,      ,      ,      ,      ,      ,      ,      ,      ,      ,      ,      ,      ,      
2021092717,      ,      ,      ,      ,      ,      ,      ,      ,      ,      ,      ,      ,      ,      
2021092718,      ,      ,      ,      ,      ,      ,      ,      ,      ,      ,      ,      ,      ,      
2021092719,      ,      ,      ,      ,      ,      ,      ,      ,      ,      ,      ,      ,      ,      
2021092720,      ,      ,      ,      ,      ,      ,      ,      ,      ,      ,      ,      ,      ,      
2021092721,      ,      ,      ,      ,      ,      ,      ,      ,      ,      ,      ,      ,      ,      
2021092722,      ,      ,      ,      ,      ,      ,      ,      ,      ,      ,      ,      ,      ,      
2021092723,      ,      ,      ,      ,      ,      ,      ,      ,      ,      ,      ,      ,      ,      
2021092800,      ,      ,      ,      ,      ,      ,      ,      ,      ,      ,      ,      ,      ,      
2021092801,      ,      ,      ,      ,      ,      ,      ,      ,      ,      ,      ,      ,      ,      
2021092802,      ,      ,      ,      ,      ,      ,      ,      ,      ,      ,      ,      ,      ,      
2021092803,      ,      ,      ,      ,      ,      ,      ,      ,      ,      ,      ,      ,      ,      
2021092804,      ,      ,      ,      ,      ,      ,      ,      ,      ,      ,      ,      ,      ,      
2021092805,      ,      ,      ,      ,      ,      ,      ,      ,      ,      ,      ,      ,      ,      
2021092806,      ,      ,      ,      ,      ,      ,      ,      ,      ,      ,      ,      ,      ,      
2021092807,      ,      ,      ,      ,      ,      ,      ,      ,      ,      ,      ,      ,      ,      
2021092808,      ,      ,      ,      ,      ,      ,      ,      ,      ,      ,      ,      ,      ,      
2021092809,      ,      ,      ,      ,      ,      ,      ,      ,      ,      ,      ,      ,      ,      
2021092810,      ,      ,      ,      ,      ,      ,      ,      ,      ,      ,      ,      ,      ,      
2021092811,      ,      ,      ,      ,      ,      ,      ,      ,      ,      ,      ,      ,      ,      
2021092812,      ,      ,      ,      ,      ,      ,      ,      ,      ,      ,      ,      ,      ,      
2021092813,      ,      ,      ,      ,      ,      ,      ,      ,      ,      ,      ,      ,      ,      
2021092814,      ,      ,      ,      ,      ,      ,      ,      ,      ,      ,      ,      ,      ,      
2021092815,      ,      ,      ,      ,      ,      ,      ,      ,      ,      ,      ,      ,      ,      
2021092816,      ,      ,      ,      ,      ,      ,      ,      ,      ,      ,      ,      ,      ,      
2021092817,      ,      ,      ,      ,      ,      ,      ,      ,      ,      ,      ,      ,      ,      
2021092818,      ,      ,      ,      ,      ,      ,      ,      ,      ,      ,      ,      ,      ,      
2021092819,      ,      ,      ,      ,      ,      ,      ,      ,      ,      ,      ,      ,      ,      
2021092820,      ,      ,      ,      ,      ,      ,      ,      ,      ,      ,      ,      ,      ,      
2021092821,      ,      ,      ,      ,      ,      ,      ,      ,      ,      ,      ,      ,      ,      
2021092822,      ,      ,      ,      ,      ,      ,      ,      ,      ,      ,      ,      ,      ,      
2021092823,      ,      ,      ,      ,      ,      ,      ,      ,      ,      ,      ,      ,      ,      
2021092900,      ,      ,      ,      ,      ,      ,      ,      ,      ,      ,      ,      ,      ,      
2021092901,      ,      ,      ,      ,      ,      ,      ,      ,      ,      ,      ,      ,      ,      
2021092902,      ,      ,      ,      ,      ,      ,      ,      ,      ,      ,      ,      ,      ,      
2021092903,      ,      ,      ,      ,      ,      ,      ,      ,      ,      ,      ,      ,      ,      
2021092904,      ,      ,      ,      ,      ,      ,      ,      ,      ,      ,      ,      ,      ,      
2021092905,      ,      ,      ,      ,      ,      ,      ,      ,      ,      ,      ,      ,      ,      
2021092906,      ,      ,      ,      ,      ,      ,      ,      ,      ,      ,      ,      ,      ,      
2021092907,      ,      ,      ,      ,      ,      ,      ,      ,      ,      ,      ,      ,      ,      
2021092908,      ,      ,      ,      ,      ,      ,      ,      ,      ,      ,      ,      ,      ,      
2021092909,      ,      ,      ,      ,      ,      ,      ,      ,      ,      ,      ,      ,      ,      
2021092910,      ,      ,      ,      ,      ,      ,      ,      ,      ,      ,      ,      ,      ,      
2021092911,      ,      ,      ,      ,      ,      ,      ,      ,      ,      ,      ,      ,      ,      
2021092912,      ,      ,      ,      ,      ,      ,      ,      ,      ,      ,      ,      ,      ,      
2021092913,      ,      ,      ,      ,      ,      ,      ,      ,      ,      ,      ,      ,      ,      
2021092914,      ,      ,      ,      ,      ,      ,      ,      ,      ,      ,      ,      ,      ,      
2021092915,      ,      ,      ,      ,      ,      ,      ,      ,      ,      ,      ,      ,      ,      
2021092916,      ,      ,      ,      ,      ,      ,      ,      ,      ,      ,      ,      ,      ,      
2021092917,      ,      ,      ,      ,      ,      ,      ,      ,      ,      ,      ,      ,      ,      
2021092918,      ,      ,      ,      ,      ,      ,      ,      ,      ,      ,      ,      ,      ,      
2021092919,      ,      ,      ,      ,      ,      ,      ,      ,      ,      ,      ,      ,      ,      
2021092920,      ,      ,      ,      ,      ,      ,      ,      ,      ,      ,      ,      ,      ,      
2021092921,      ,      ,      ,      ,      ,      ,      ,      ,      ,      ,      ,      ,      ,      
2021092922,      ,      ,      ,      ,      ,      ,      ,      ,      ,      ,      ,      ,      ,      
2021092923,      ,      ,      ,      ,      ,      ,      ,      ,      ,      ,      ,      ,      ,      
2021093000,      ,      ,      ,      ,      ,      ,      ,      ,      ,      ,      ,      ,      ,      
2021093001,      ,      ,      ,      ,      ,      ,      ,      ,      ,      ,      ,      ,      ,      
2021093002,      ,      ,      ,      ,      ,      ,      ,      ,      ,      ,      ,      ,      ,      
2021093003,      ,      ,      ,      ,      ,      ,      ,      ,      ,      ,      ,      ,      ,      
2021093004,      ,      ,      ,      ,      ,      ,      ,      ,      ,      ,      ,      ,      ,      
2021093005,      ,      ,      ,      ,      ,      ,      ,      ,      ,      ,      ,      ,      ,      
2021093006,      ,      ,      ,      ,      ,      ,      ,      ,      ,      ,      ,      ,      ,      
2021093007,      ,      ,      ,      ,      ,      ,      ,      ,      ,      ,      ,      ,      ,      
2021093008,      ,      ,      ,      ,      ,      ,      ,      ,      ,      ,      ,      ,      ,      
2021093009,      ,      ,      ,      ,      ,      ,      ,      ,      ,      ,      ,      ,      ,      
2021093010,      ,      ,      ,      ,      ,      ,      ,      ,      ,      ,      ,      ,      ,      
2021093011,      ,      ,      ,      ,      ,      ,      ,      ,      ,      ,      ,      ,      ,      
2021093012,      ,      ,      ,      ,      ,      ,      ,      ,      ,      ,      ,      ,      ,      
2021093013,      ,      ,      ,      ,      ,      ,      ,      ,      ,      ,      ,      ,      ,      
2021093014,      ,      ,      ,      ,      ,      ,      ,      ,      ,      ,      ,      ,      ,      
2021093015,      ,      ,      ,      ,      ,      ,      ,      ,      ,      ,      ,      ,      ,      
2021093016,      ,      ,      ,      ,      ,      ,      ,      ,      ,      ,      ,      ,      ,      
2021093017,      ,      ,      ,      ,      ,      ,      ,      ,      ,      ,      ,      ,      ,      
2021093018,      ,      ,      ,      ,      ,      ,      ,      ,      ,      ,      ,      ,      ,      
2021093019,      ,      ,      ,      ,      ,      ,      ,      ,      ,      ,      ,      ,      ,      
2021093020,      ,      ,      ,      ,      ,      ,      ,      ,      ,      ,      ,      ,      ,      
2021093021,      ,      ,      ,      ,      ,      ,      ,      ,      ,      ,      ,      ,      ,      
2021093022,      ,      ,      ,      ,      ,      ,      ,      ,      ,      ,      ,      ,      ,      
2021093023,      ,      ,      ,      ,      ,      ,      ,      ,      ,      ,      ,      ,      ,      
